22910
94722
64938
86393
56361
94710
41327
70478
56873
22209
70594
11403
66243
27129
82471
2047
20485
7398
6961
9298
40309
6091
36564
23433
36386
17618
84460
99715
96284
90751
32512
21925
11405
12527
21810
82454
76709
71307
56739
49724
36783
69202
47214
51542
39487
76998
56082
350
48979
70473
99603
36716
77890
57588
19251
91998
66931
17172
95252
51892
53899
16894
18776
56174
13096
29531
76504
6751
39908
97669
73949
511
92193
27460
33682
23416
52605
66864
30054
93918
52954
29558
56664
70511
88155
86979
28884
79103
25164
16906
33796
26384
3283
62180
79654
89714
31219
90591
31642
48176
27234
43862
49277
14242
58513
31656
55360
48493
7682
2557
11364
20643
20377
58270
22477
46296
72141
39796
156
85972
49920
51753
93736
83004
57063
88841
75942
76030
47714
95654
82048
40484
28189
31827
75888
51912
61609
52509
94210
47404
18388
43835
2160
77997
97812
22786
32627
97280
75196
39854
91377
74807
16884
48441
79012
5272
49542
88503
51770
13811
6889
92559
64163
33066
55463
73873
53897
81093
35417
35968
32318
52568
469
56202
56915
13677
26462
22201
1848
83258
49726
36484
25039
7377
39385
52174
23945
77723
88751
84121
93203
88624
9336
17169
9547
30363
34597
88295
37540
48873
3441
73119
69786
91287
33199
81092
69654
69413
32481
28867
1335
9407
1795
58581
74811
69970
41090
70851
79233
21856
9455
37183
29633
71723
10312
35505
39348
47664
51839
55915
17028
27944
61884
10583
32443
58656
60025
33890
85592
6432
79203
67500
29244
36059
17464
29092
68722
19472
26318
18442
5002
57762
60043
4954
28170
19157
46400
69262
46564
13682
36756
77385
48523
61277
67390
56707
99928
10735
97275
49270
89443
61554
44136
47675
3176
17677
35677
42618
2312
22381
36946
27074
41865
98588
43329
81964
61137
83116
72790
81106
89814
1607
9910
60842
76648
98796
44541
24494
2073
83381
92619
92416
8492
85584
69899
97273
6557
67827
47819
56474
37715
91841
49458
5492
10568
84440
45181
20892
21532
82602
97930
52976
82740
67635
33782
34354
98362
49202
65406
60317
36650
89196
83603
95611
80351
21509
88564
88995
43676
70365
79337
57884
2770
91026
31122
88937
15056
87052
54847
6962
93451
23392
43099
53409
323
82913
34150
77980
11941
52220
88505
81515
28563
84086
92955
16993
43926
93821
44694
11457
72634
21447
16799
64366
93480
7645
30539
90490
91162
89475
20423
46823
41254
46513
56300
84274
19506
1728
71952
65734
40030
61784
88156
93714
21381
53253
38275
52998
31808
22949
23281
25189
57645
37542
84469
87745
70847
3116
31398
95278
29254
22150
73491
57905
52989
19240
93364
13339
85484
99778
93687
62513
21501
78537
40785
45620
44091
9762
63829
67882
79083
44271
23128
7422
72714
76725
55267
88046
63199
58649
34072
57455
9674
76822
52139
25406
93787
42854
17313
25632
83014
7791
79452
21645
55697
83
93900
73833
19905
3265
74462
82821
87409
59475
42056
35799
18579
85701
89598
39256
22687
24399
7645
87902
3306
65844
27163
15036
61817
19551
84440
74473
35477
22940
41923
78656
92209
4881
7070
68406
78133
30557
10247
42083
92507
1107
53609
66936
43938
95958
30847
78279
64738
69523
79745
19512
27700
73165
19321
76025
17007
68593
37730
98588
35718
9940
21913
29287
9308
3683
47547
56216
19016
83572
88793
59946
39870
35166
8766
43963
99600
42631
92559
38715
68973
51556
84940
53977
31620
92342
52727
31674
67065
41463
7091
34264
49905
4336
42391
48345
98098
88522
50201
26435
64783
21591
57691
65128
5190
31205
86588
77209
19399
81563
37195
6434
7180
52974
51993
66673
9120
15795
42479
47673
22024
53767
41315
21199
41439
22160
50074
8800
47366
1694
23072
80336
84375
72743
68427
96839
47634
38056
39010
33440
34831
1526
17205
69553
53699
97678
92931
62569
54211
85325
31721
83502
46559
17772
86103
29998
41720
63456
75907
61588
83904
32057
26212
23325
48342
95786
91031
88590
41745
95059
67051
14524
3868
97777
66347
84293
23056
8853
96316
32546
1324
92804
4064
68718
30500
45997
44145
57888
15602
46752
29386
8507
51780
34111
89495
22643
2705
97575
68496
67376
27143
46918
57734
70037
15141
22520
82112
20363
95324
83050
47019
48772
62418
85188
24326
39407
65902
65308
65192
6457
79003
41358
4615
34490
50197
19829
31583
87793
3864
66707
69466
2824
78733
63319
53365
92492
46851
3422
35590
30405
52567
94599
36026
87534
44572
20346
62716
97801
11165
94248
72054
29751
738
22093
3812
41086
8347
38574
17051
18722
90005
79559
65975
28773
24546
88192
89976
85226
56511
57378
42121
18777
20938
19484
39052
4985
93494
80635
51621
72301
77488
40585
31435
60535
15253
17304
2597
15174
28163
64836
11581
64678
24836
6295
59912
82200
94898
38659
70323
78018
89540
11567
64587
41048
94268
57723
71272
84056
39529
40252
29527
44143
59907
80809
89096
37122
36229
87892
69067
76296
99790
85329
89110
3366
64231
7499
76333
17150
25463
92627
86646
52540
44049
46100
69589
60350
38869
54295
72037
52862
99860
66141
62535
67678
45676
81691
62166
12865
3547
55362
61699
95289
55464
48505
27201
8087
20364
68600
11131
14450
6836
19545
77825
41155
16929
28031
21799
2249
42177
74333
25743
47279
1713
9326
92718
82250
43006
79847
10841
85811
5871
41938
35915
6422
72045
20867
11084
3295
80571
22171
26934
31901
46921
64585
83316
56111
45239
77542
28863
58755
38539
92066
80141
98870
12320
86011
42204
83631
82704
95455
19656
64029
21831
15114
54943
78150
70303
95125
12919
33338
66147
88190
33774
12978
90510
89027
56727
94693
87233
53696
10397
4679
6868
48523
62661
91061
37655
6584
75754
60729
9284
17672
14041
62111
78045
39000
22027
3131
67194
28273
29557
90458
55091
34613
37675
86082
34919
30001
10173
90847
25739
39970
7960
5394
44039
50184
9659
65718
170
52025
5161
23775
87081
99021
69911
96207
68128
54538
72512
12616
3338
26814
46689
75197
57792
25363
3613
24578
86214
13843
92868
90271
42821
63387
1373
50085
49863
45144
96709
41453
79131
5094
3414
73712
82736
50613
27646
38855
97636
12357
30452
22352
52069
94186
70769
44909
12908
85160
8235
21581
28976
68079
21275
10391
40796
92677
61875
45445
85306
54343
7532
81445
68799
32027
96422
86245
24606
60574
92204
22795
4640
23056
77976
51907
42235
2088
